7.3003	9.8177	8.777
6.6562	10.182	8.88
5.8719	10.754	8.88
6.3754	8.8445	8.972
5.0293	10.03	8.948
5.2196	10.616	8.874
5.5546	9.1826	8.81
5.1215	10.417	8.761
4.1895	10.789	8.822
5.404	11.456	8.951
5.5433	11.153	9.121
5.2568	10.871	9.143
5.1968	10.731	9.112
5.4653	10.497	9.088
4.9309	11.535	9.082
4.9832	11.19	9.207
5.5304	11.258	9.341
4.5856	10.933	9.439
4.8543	11.765	9.628
5.3566	12.321	9.869
4.7226	12.02	9.964
4.982	10.588	10.119
4.4181	12.263	10.318
4.8798	11.859	10.287
4.8976	11.704	10.269
6.1273	10.736	10.348
7.5371	11.132	10.583
7.1948	10.619	10.779
5.8141	11.03	10.818
6.7972	10.872	10.925
6.4393	10.561	11.008
7.673	10.322	10.98
7.7114	11.088	11.029
7.6777	10.433	11.227
7.1246	10.514	11.325
4.9576	9.601	11.401
5.2733	9.07	11.374
5.7515	9.3452	11.438
5.5713	9.902	11.648
5.6622	9.219	11.682
6.2156	8.3936	11.59
6.5837	8.6358	11.526
6.3511	8.9904	11.569
6.4084	7.1808	11.645
6.2117	8.683	11.633
5.9268	8.9456	11.569
5.9332	8.953	11.542
5.0535	9.143	11.627
5.0305	9.171	11.688
4.7839	8.8978	11.716
5.2736	8.249	11.783
7.6859	9.316	11.725
8.1079	8.848	11.655
7.8986	8.1784	11.615
7.0107	8.0964	11.478
5.8309	8.5033	11.261
6.4126	8.7515	11.151
5.7043	8.9366	11.166
5.6301	7.0937	11.133
5.3336	8.0112	11.014
5.8385	7.1588	10.983
5.1224	7.879	11.026
4.78	7.2705	10.998
5.5445	7.4066	10.904
4.9972	7.7594	10.928
5.891	7.386	11.099
5.722	6.2658	11.136
6.9083	5.7878	11.2
6.4427	6.0853	11.194
6.0725	7.2383	11.16
5.5585	7.281	11.081
5.6965	7.7705	11.017
5.6354	6.3132	11.078
5.3194	6.6067	11.148
5.2926	6.1429	11.203
5.6072	4.7959	11.139
5.0574	4.301	11.081
4.8875	4.0819	11.026
5.0344	6.0211	10.892
6.9959	6.7273	10.849
9.756	5.9108	10.846
8.6057	5.4661	10.788
6.7858	6.0865	10.782
5.2159	6.6581	10.47
4.0641	6.9925	10.379
4.665	7.2562	10.309
5.6199	8.4943	10.11
7.1681	7.122	9.894
6.7166	6.1005	9.82
7.8334	6.6235	9.842
8.6693	7.4214	9.82
8.0304	7.0694	9.622
9.774	6.4095	9.482
9.1031	5.529	9.405
9.076	4.7228	9.335
7.9933	4.4318	9.421
8.1614	4.6575	9.518
10.753	5.1791	9.619
11.142	5.266	9.759
10.847	4.9151	9.921
10.253	4.4126	9.949
10.034	4.6204	10.019
9.48	4.9818	10.147
9.416	5.0074	10.22
8.6743	4.1808	10.376
10.413	4.3511	10.672
10.487	5.3599	11.316
10.566	6.0366	12.018
10.457	7.3411	12.652
9.616	6.7864	12.915
9.007	6.4736	12.591
8.691	5.8059	12.057
8.2871	6.8709	11.819
7.6793	8.0762	12.097
7.3432	6.2262	12.695
7.3839	5.4674	13.083
6.8829	5.2957	13.144
7.0274	6.5774	12.991
7.8521	6.3531	12.854
10.2179	7.6117	12.894
9.475	8.5719	12.97
6.7142	8.2776	13.04
5.5126	7.6141	13.083
4.9627	6.2313	13.199
4.4029	6.0468	13.116
4.6317	7.0807	13.077
4.8849	7.7139	13.071
4.4912	9.0254	13.257
5.2658	9.619	13.446
6.089	9.1304	13.452
5.9087	7.8121	13.406
5.0178	8.953	13.489
6.2736	6.3301	13.632
8.924	4.1359	13.766
6.8445	6.9297	13.901
5.046	9.341	13.818
3.9835	9.6855	13.669
4.2712	8.8	13.58
4.1856	7.568	13.489
4.1293	9.3508	13.309
3.4672	12.306	13.11
3.3508	9.1027	13.141
3.7138	7.9439	13.339
3.7983	9.795	13.528
4.4618	10.156	13.553
4.2803	9.56	13.513
5.7249	9.475	13.577
6.0123	9.577	13.821
5.8462	10.3	14.117
4.6751	9.579	14.276
4.5947	9.822	14.316
4.5845	10.008	14.218
4.1563	10.004	14.258
4.4592	10.123	14.191
5.0933	9.74	14.163
5.253	9.464	14.13
5.3936	9.668	14.13
4.9116	9.23	14.038
4.9322	9.675	13.949
5.1686	8.7982	13.931
5.9075	7.8615	13.892
6.6388	7.1682	13.855
7.2152	7.2847	13.815
8.1993	7.8022	13.76
9.215	8.3076	13.834
9.043	7.3105	13.84
8.034	8.406	13.812
7.214	8.5784	13.791
6.1058	8.1145	13.824
5.6737	7.8438	13.888
5.5047	7.1196	13.84
6.2449	6.8439	13.867
5.91	6.6081	13.675
5.9742	6.9272	13.525
6.2271	8.4805	13.336
6.714	8.0629	13.159
6.3562	7.4617	13.074
6.3422	8.017	12.909
6.2859	7.1596	12.735
6.2309	7.8146	12.604
6.1746	7.2565	12.558
6.1465	7.1385	12.534
6.548	7.1486	12.588
5.6595	7.2978	12.643
5.8613	7.4926	12.738
7.1544	8.264	12.866
6.9937	7.7786	13.004
7.5404	7.3457	13.138
6.3346	7.1899	13.187
7.57	7.2937	13.229
6.6577	6.9584	13.379
7.5561	6.043	13.443
7.1501	6.2405	13.412
6.9264	6.726	13.394
7.8194	6.2863	13.345
9.95	6.5979	13.336
10.564	6.3455	13.272
10.761	7.1532	13.214
11.019	7.1143	13.177
10.08	6.7325	13.3
9.802	6.2967	13.309
8.989	5.7929	13.272
9.8701	5.2302	13.351
10.935	5.4288	13.367
10.02	6.0403	13.434
9.56	5.7417	13.522
10.153	8.985	13.596
10.245	8.871	13.577
9.065	9.086	13.562
9.231	6.8388	13.492
9.337	6.2546	13.443
9.412	6.0698	13.513
7.6829	6.6824	13.513
6.8319	6.011	13.599
6.4138	5.921	13.492
6.0289	5.3881	13.385
5.5523	5.3008	13.242
9.1738	6.2556	13.04
9.632	5.6314	12.875
9.745	5.3136	12.72
9.239	5.3418	12.613
9.223	5.5954	12.616
9.277	6.8132	12.662
8.866	7.5478	12.686
9.253	8.3	12.64
8.8782	7.8046	12.463
7.8208	7.943	12.36
7.3306	7.4171	12.216
6.8363	7.7031	12.17
5.399	8.1806	12.137
6.8738	7.6922	12.186
7.5196	7.3873	12.378
6.5504	7.0799	12.662
5.6174	8.084	12.796
5.9534	7.9562	12.933
6.6042	8.0498	13.092
7.5836	8.3563	13.123
7.3357	8.3439	13.159
7.0939	7.8678	13.122
6.6272	7.3067	12.976
8.3488	7.0515	12.93
7.182	7.4153	12.814
8.189	7.4103	12.747
7.2573	7.1593	12.692
6.5953	7.8308	12.656
6.2375	7.7099	12.772
6.5555	7.7121	12.872
7.0082	8.1375	12.891
7.5143	7.6518	12.927
7.7993	6.717	12.784
7.8719	6.7003	12.607
7.4901	7.727	12.454
6.1606	7.9116	12.326
5.9676	7.925	12.356
5.7915	7.2796	12.366
7.2786	6.9234	12.466
7.5494	6.7517	12.366
8.1836	7.1054	12.158
7.5765	8.0713	11.987
7.7388	9.157	11.774
7.0671	9.669	11.551
7.2933	9.386	11.441
6.8265	9.754	11.285
6.7321	9.814	10.602
6.9724	9.615	10.245
6.6016	9.94	10.046
6.5875	10.559	9.457
5.9253	10.712	9.17
5.4282	9.889	8.935
5.0537	10.135	8.792
5.2684	10.524	8.734
5.6073	11.05	8.761
5.5228	11.206	8.536
5.9202	10.892	8.526
5.6658	10.841	8.334
6.2449	10.493	7.715
6.8484	9.773	7.48
6.819	9.406	7.229
7.076	9.34	7.062
7.1118	9.023	7.257
7.5017	8.693	6.927
7.3802	9.431	6.576
7.5923	9.686	6.103
7.9128	9.444	5.847
7.5796	8.843	5.578
7.3636	9.161	5.529
7.4556	9.27	5.737
7.3812	8.886	6.051
7.1308	8.4242	6.213
7.0376	9.225	6.332
6.7883	9.269	6.109
6.6873	9.047	5.981
5.5086	8.6883	6.051
5.629	8.64	5.746
5.3963	8.7307	5.6
4.9526	9.12	5.691
4.4374	9.188	5.859
3.7062	9.121	6.347
3.9645	9.132	6.799
3.7165	8.908	7.168
3.9413	7.2937	7.098
4.174	6.8961	6.976
4.3684	7.7571	7
4.7954	7.7438	7.007
5.8769	7.6219	7.129
6.4201	8.5599	7.092
5.6811	7.5009	7.123
4.7109	7.6682	7.211
4.4247	7.6574	7.4
4.3352	6.7031	7.669
3.8096	7.6996	7.873
3.503	7.107	7.943
4.0297	7.5799	8.352
3.7472	7.9312	9.158
3.908	7.9483	9.036
4.8133	7.1671	8.691
4.2558	6.8119	8.325
4.8452	6.5619	8.136
4.8912	6.6531	8.121
5.0344	5.9287	7.983
4.596	5.8109	8.117
4.7698	6.3274	8.169
4.8172	6.1098	8.392
4.5231	5.761	8.551
4.6368	7.0369	8.475
4.4041	8.0044	8.481
4.7316	6.3249	8.514
4.9539	6.134	8.298
4.8898	5.9918	8.179
5.0176	8.297	8.209
4.0399	8.5748	8.163
3.6626	8.6212	7.974
4.1971	8.2919	7.675
4.6405	8.7553	7.287
4.7431	9.911	7.089
5.3937	10.227	6.891
5.2236	8.967	6.784
4.9577	9.819	6.9
4.5589	14.908	7.083
4.4361	14.33	7.504
4.8006	10.914	7.928
4.6228	6.3824	8.258
4.7915	4.4832	8.209
4.7813	4.2523	8.163
4.5348	3.7616	8.063
3.9607	3.8359	8.005
3.8725	3.4461	7.901
5.2057	4.4371	7.812
5.3093	4.1459	7.745
4.0451	4.9574	7.626
4.6955	4.9843	7.599
4.8566	5.1252	7.629
3.6245	5.3957	7.974
7.9368	6.2967	8.102
7.8393	6.1521	8.172
7.7437	5.9929	8.252
8.3208	6.1007	8.169
8.2754	6.4852	8.041
8.1827	6.7107	7.992
8.0131	6.3095	7.962
8.0752	6.2633	7.888
7.848	6.9145	7.864
8.3547	6.6362	7.937
8.141	6.3106	8.026
8.3569	7.1337	8.099
8.11	7.6128	8.441
8.3906	7.7581	8.502
8.0679	6.9466	8.618
8.3704	7.2118	8.825
8.805	7.1208	9.012
8.3916	6.4723	9.158
8.0763	7.555	9.186
7.7525	7.9994	9.155
7.7307	7.2605	9.274
7.4555	6.5671	9.436
8.0984	6.8696	9.466
7.3436	6.8176	9.717
7.4321	6.921	9.772
7.7355	7.0785	9.701
7.0734	6.5441	9.912
7.4401	8.1974	10.049
7.4785	7.8117	9.884
7.4773	7.1232	9.591
7.6572	6.7273	9.241
7.6077	7.6456	9.045
7.4349	8.0812	9.088
7.1704	9.0836	9.427
7.306	10.064	9.952
7.0261	8.3739	10.623
7.2331	7.0849	10.983
7.7195	7.0785	10.562
7.946	6.4659	10.632
7.5834	7.0064	10.577
7.4261	6.8311	10.617
7.2446	7.8231	10.538
7.4481	8.3944	10.574
6.6616	8.1139	10.422
6.9455	7.5489	10.019
7.1269	7.2887	9.677
7.3919	7.2216	9.97
7.3482	7.1746	10.251
6.8688	7.2234	10.037
6.617	7.7825	10.019
6.3829	11.0493	9.97
6.6539	10.522	10.199
6.5619	7.742	10.354
6.47	7.7616	10.666
6.2208	8.691	10.58
5.9087	8.5923	10.553
5.7528	7.9912	10.599
5.639	7.6542	10.531
6.1044	7.1415	10.48
6.5864	7.1617	10.281
6.9199	7.1144	10.184
7.3382	6.7733	10.104
7.4365	7.0107	10.171
7.6941	7.1812	10.254
8.0757	7.1694	10.303
7.5669	7.2207	10.339
7.8229	7.6651	10.528
7.5913	7.2361	10.644
6.7462	7.3782	10.614
7.1157	6.8568	10.528
7.0005	6.6659	10.336
7.2613	6.2058	10.171
6.9238	6.1661	10.052
7.0656	6.3594	10.135
7.8283	6.6287	10.293
7.851	6.5788	10.446
7.7374	6.8223	10.489
7.6755	7.0709	10.391
7.2203	7.3759	10.269
5.9036	7.8028	10.214
4.4284	7.9547	10.22
5.5354	7.8193	10.272
5.1495	8.0146	10.229
4.8631	8.1388	10.153
5.115	8.2835	10.165
5.2248	8.0809	10.141
5.0459	8.3185	10.208
4.7981	7.9363	10.275
4.0896	7.741	10.327
4.6739	7.6073	10.388
5.1085	7.5886	10.397
5.193	7.6687	10.403
5.2773	7.5016	9.933
5.345	7.24	9.988
5.1394	7.4541	10.095
4.8337	7.2682	10.138
5.2672	7.0721	10.18
4.9744	6.717	10.214
5.2274	6.9029	10.119
5.4268	6.9913	10.031
5.2019	7.3463	10.086
5.3106	7.0233	10.196
4.9041	6.9645	10.171
4.7582	7.0054	10.193
4.4693	5.8994	10.263
4.4605	6.4299	10.049
5.4768	6.0402	10.244
4.8081	5.5687	10.327
4.7493	5.4213	10.15
4.6521	5.0586	9.945
4.8106	5.1805	10.138
5.2722	5.1302	10.306
5.4715	5.2072	10.391
5.2875	5.3738	10.266
5.0127	6.1301	10.364
5.0152	6.2955	10.193
4.8582	5.9404	10.321
4.816	5.6827	9.967
9.252	5.6109	9.561
10.753	5.3264	9.393
9.933	5.7008	9.21
9.664	5.6648	9.353
8.99	5.2329	9.25
8.87	5.129	9.311
9.111	4.956	9.21
9.277	4.5729	9.271
9.079	4.0923	9.283
9.135	3.991	9.012
8.582	4.0857	9.064
8.758	4.2281	8.856
8.751	5.7739	8.926
8.778	6.9335	9.375
8.1179	7.1618	9.915
7.4886	6.712	11.395
8.1086	6.4337	11.678
8.742	6.8925	10.327
8.788	7.144	9.738
8.937	7.0079	9.176
9.913	7.1143	8.767
9.688	7.163	8.886
9.445	7.3822	9.228
9.69	7.5799	9.631
9.742	7.2875	9.903
9.901	6.7069	9.976
9.814	6.5838	9.897
10.422	6.6146	9.869
10.481	5.9376	9.784
10.176	6.0365	9.753
10.211	5.8699	9.753
9.204	6.2699	9.524
10.266	6.1826	9.366
10.861	5.9225	9.128
10.402	6.4646	9.07
10.189	6.9131	8.987
10.311	6.4043	8.572
9.991	6.1044	8.145
10.338	7.9782	8.002
9.839	8.7893	8.169
9.391	9.714	8.514
9.578	9.641	8.719
10.668	9.288	8.236
10.539	8.3088	8.438
9.916	8.0449	8.032
9.664	8.4691	8.093
9.96	8.8954	8.185
9.484	9.919	8.639
9.379	10.633	8.484
9.677	9.479	8.447
9.811	8.6056	8.883
9.633	9.0423	9.012
9.106	9.741	9.118
9.29	9.726	8.951
8.962	8.6649	9.088
9.277	7.9623	9.543
9.767	8.4327	9.82
9.772	9.003	9.656
8.9698	9.186	8.877
10.032	9.76	9.002
9.781	9.543	8.951
9.693	10.576	9.411
8.951	9.718	8.749
9.592	9.759	8.972
9.762	8.8132	8.014
9.932	9.882	8.313
9.931	9.421	8.316
9.544	7.7742	8.34
9.239	7.9852	8.307
8.626	9.014	8.441
8.5662	9.179	8.752
8.1739	9.062	8.459
7.9823	8.689	8.279
8.918	8.6732	8.218
8.944	9.043	8.203
8.652	8.6457	7.696
8.675	9.237	7.599
7.9867	9.15	7.721
8.3325	8.911	8.029
8.2932	8.883	8.056
8.24	8.909	7.358
7.9792	8.1464	7.727
7.7795	7.6814	7.669
7.91	7.5693	7.556
7.8224	7.8171	7.626
7.985	7.5907	7.547
8.0777	7.6317	7.425
7.8111	7.3221	7.431
7.9304	7.7277	7.489
7.8123	7.6744	7.568
7.8922	7.8415	7.678
7.7875	7.5284	7.77
7.5437	7.8095	7.959
6.975	7.9445	8.032
6.9851	7.1567	8.014
7.2294	7.0465	8.084
7.2231	8.0354	8.172
7.1193	7.6663	8.279
7.0415	6.7697	8.343
6.8879	7.9803	8.432
6.9136	8.4534	8.362
6.9891	8.1159	7.971
6.9174	8.4849	7.837
7.2537	8.4474	7.623
7.0146	7.8183	7.528
7.127	7.2676	7.449
7.2384	8.3213	7.303
7.5068	7.3596	7.101
7.59	7.6498	6.897
7.356	7.8131	6.814
7.4709	9.6067	6.933
7.2945	7.09	7.034
6.7793	6.7772	7.074
6.6808	5.8097	7.165
6.9238	5.3853	7.272
6.9441	5.8739	7.342
6.1659	6.1583	7.385
6.2334	5.8083	7.467
6.2804	5.0817	7.504
5.5866	5.5289	7.47
5.7721	6.0493	7.486
5.9855	5.1047	7.449
7.0503	5.0585	7.495
6.8307	5.1727	7.473
7.0637	6.0892	7.318
7.4533	5.7083	7.129
8.5788	5.6481	7.013
8.1082	5.8559	7
8.3417	6.2763	7
8.762	6.5005	7.046
8.3439	7.4843	7.092
8.7943	6.1531	7.11
8.99	5.993	7.11
7.9594	5.3111	7.037
8.9384	5.1651	6.936
9.252	5.5328	6.851
8.728	4.7485	6.842
9.037	5.4777	6.942
8.6357	5.2765	7.077
8.4986	4.8536	7.214
8.364	4.4536	7.361
8.5269	4.2601	7.394
8.858	4.3832	7.263
8.3064	5.274	7.15
8.0199	6.794	7.028
7.7267	7.0323	6.936
8.1472	5.5765	6.979
8.2994	5.347	7.007
8.0468	4.9688	7.013
8.1231	4.3384	7.129
8.0155	4.3923	7.235
6.9468	5.5072	7.287
6.3319	6.0122	7.312
6.1938	6.1481	7.385
5.7412	6.1686	7.406
7.5129	5.5649	7.382
8.3163	5.4277	7.446
8.4038	5.8379	7.553
7.2611	5.9428	7.647
6.1926	5.8185	7.635
6.3856	5.8764	7.583
6.7141	5.6199	7.486
6.1887	5.1546	7.315
6.1234	5.233	7.171
6.1121	4.8292	7.181
6.0508	4.5435	7.306
5.4512	4.4638	7.48
5.4231	4.7999	7.635
5.4717	4.8664	7.638
5.3515	4.8971	7.541
5.9063	5.4699	7.473
6.1261	5.9713	7.449
5.8832	7.0569	7.425
5.9471	6.8991	7.361
5.6991	6.2966	7.306
6.3958	6.4018	7.266
5.891	6.2942	7.272
5.8244	6.7297	7.336
5.9459	6.6607	7.416
5.3937	6.7671	7.458
7.4017	6.9798	7.431
8.1645	6.4966	7.391
8.3043	6.4184	7.44
7.3322	6.1518	7.574
7.2174	5.2906	7.672
7.2916	4.7368	7.663
7.7143	4.8868	7.592
6.7716	5.3368	7.507
6.4265	6.0557	7.412
8.3632	6.5005	7.321
8.3785	6.7606	7.245
8.3502	6.794	7.052
7.7713	5.8533	6.955
7.8111	6.0261	6.888
8.615	5.6609	6.738
8.834	5.92	6.43
8.1517	5.7123	6.118
8.818	6.0083	5.966
8.565	5.5046	5.917
8.648	6.13	5.957
8.5734	5.4944	6.042
8.881	6.0302	6.112
9.098	6.0992	6.161
9.037	6.2416	6.192
8.896	6.3915	6.219
8.703	6.5171	6.201
8.687	5.8918	6.146
8.2027	5.875	6.048
8.3151	6.0853	5.911
8.0426	5.9725	5.771
8.074	5.8046	5.63
8.3716	6.0439	5.505
8.4426	5.9918	5.45
8.4356	6.1378	5.523
8.696	5.6892	5.67
8.3764	5.9993	5.884
8.2743	7.0427	6.146
8.2398	7.0862	6.384
7.873	7.6897	6.524
8.1919	6.5697	6.54
7.9787	6.1827	6.494
8.2418	5.9622	6.457
7.8155	6.0942	6.457
7.4273	6.43	6.5
7.3265	6.7966	6.613
7.3035	7.1054	6.735
6.9762	7.1196	6.836
6.874	6.9951	6.9
7.2204	6.5067	6.912
7.141	6.7556	6.915
7.0107	6.5787	6.915
6.6695	6.7862	6.933
6.7194	6.4914	6.909
6.6706	6.7299	6.814
6.7269	6.1865	6.692
6.7716	6.7734	6.564
6.6708	8.0952	6.506
7.141	8.4506	6.515
7.0234	7.2708	6.518
7.1347	7.5394	6.54
7.1705	8.748	6.579
7.0887	9.441	6.622
6.9313	8.6079	6.64
6.6707	6.7876	6.61
6.8944	6.0968	6.567
6.7705	6.3631	6.537
6.7191	5.5751	6.567
6.8548	5.2418	6.616
6.5072	4.8728	6.649
6.4688	4.6728	6.671
6.3652	5.3074	6.637
6.8522	5.8248	6.598
6.8305	11.615	6.54
6.3575	8.962	6.482
5.7617	6.0314	6.424
5.4448	4.4461	6.341
5.2887	3.0667	6.295
4.6381	3.2423	6.256
4.4731	3.5012	6.17
4.5999	3.6064	6.051
4.6536	4.0601	5.929
4.5359	4.9561	5.813
4.7109	5.7674	5.697
4.2789	7.9697	5.59
4.5308	6.544	5.548
4.5564	4.4807	5.502
4.4976	6.5724	5.38
4.2854	6.1686	5.279
4.6024	6.4556	5.175
4.5896	6.7851	5.09
4.6611	6.8581	5.023
4.4708	7.0003	4.959
4.3021	6.8363	4.91
4.1052	7.2564	4.916
4.4337	6.649	4.953
4.1921	5.7263	4.965
4.155	5.3238	4.947
4.5257	6.079	4.873
4.5475	5.7418	4.776
4.8759	5.283	4.709
5.0344	5.3174	4.635
4.9973	5.3175	4.568
4.5243	5.8021	4.513
4.2686	6.4644	4.486
4.4489	6.3851	4.501
4.3786	6.4826	4.498
4.5525	6.116	4.449
4.5179	6.0481	4.355
4.7672	5.7827	4.214
4.7071	4.9728	4.086
5.3835	4.7407	4.01
5.0013	5.2688	3.982
4.8504	5.5226	3.979
5.0012	5.3354	3.97
6.0675	4.7945	3.976
4.9629	4.4215	3.994
5.2594	4.5255	4.016
4.9118	4.5279	4.046
4.3966	4.5729	4.095
5.1763	4.524	4.135
6.1607	4.7176	4.19
5.3029	4.5189	4.293
6.0776	4.0012	4.403
5.4127	3.9832	4.47
5.5613	3.5142	4.489
5.4884	3.7807	4.486
5.5739	3.9026	4.449
4.844	3.9294	4.382
4.5345	4.5778	4.312
4.2266	5.1034	4.275
4.8977	4.5934	4.297
4.5474	4.0178	4.348
4.4795	3.7564	4.391
4.7584	4.4717	4.431
4.4657	4.9868	4.541
3.9133	5.129	4.757
4.3135	5.4277	4.947
4.4605	5.5483	5.05
4.3992	5.6276	5.182
4.4924	4.8214	5.252
4.5091	5.7071	5.258
4.4974	6.289	5.294
4.2239	5.7956	5.325
4.3672	5.3022	5.331
4.5461	6.0212	5.273
4.6829	5.784	5.157
4.2291	5.4753	5.029
4.5346	5.7725	4.925
4.8581	5.4224	4.806
4.67	5.2891	4.611
4.1421	4.9419	4.388
4.2942	5.2368	4.178
4.8976	5.1753	3.976
4.9182	5.297	3.775
4.4515	5.0394	3.573
4.2241	4.874	3.384
4.6649	4.3318	3.234
5.1827	4.0318	3.161
6.1913	4.4267	3.128
5.8194	5.0111	3.03
5.9613	5.0738	2.826
6.0571	4.8446	2.575
6.2975	4.8176	2.371
6.6248	4.8101	2.243
5.7964	5.211	2.127
6.5144	5.2022	2.011
7.8446	5.0638	1.944
7.2561	4.7343	1.913
7.1856	4.5459	1.861
7.1088	4.3522	1.779
8.1163	4.4897	1.696
7.4886	4.0896	1.623
7.3364	4.1063	1.507
8.4795	5.2726	1.397
7.7847	5.9417	1.385
6.9326	7.1887	1.339
7.3282	6.0185	1.065
6.6039	6.4658	0.677
7.5087	6.5262	0.418
7.2084	5.3252	0.405
7.072	5.3162	0.415
8.0367	5.3854	0.433
7.4974	5.925	0.448
7.1756	5.8723	0.46
6.3614	5.5944	0.479
6.2909	6.6121	0.518
6.6669	7.2102	0.601
6.2387	6.9363	0.683
5.8974	8.2834	0.759
6.1372	8.906	0.833
7.0527	9.081	0.924
6.6597	9.395	1.028
6.695	8.95	1.104
6.1339	9.546	1.171
6.5299	9.317	1.269
7.7396	10.038	1.44
7.9045	9.993	1.69
6.9427	9.451	1.959
6.9065	9.852	2.191
6.6523	9.847	2.365
6.7977	9.255	2.438
7.1081	8.924	2.438
6.8783	8.817	2.471
7.8704	8.889	2.572
8.1923	8.703	2.694
9.048	8.6834	2.783
7.6055	8.83	2.832
8.148	8.2871	2.826
8.3426	7.9133	2.765
7.3709	7.9579	2.716
7.2609	7.746	2.688
7.9539	7.4244	2.734
7.8708	7.6679	2.862
6.8898	6.817	2.996
8.0513	5.7955	3.024
6.6508	5.7135	2.884
5.6045	6.2723	2.646
6.3232	6.6248	2.469
6.8534	6.9271	2.368
6.512	7.0747	2.276
6.4393	6.6133	2.237
6.6183	6.0569	2.288
6.2323	5.7661	2.407
6.0356	6.2351	2.591
5.9408	6.6876	2.801
5.4359	6.8874	2.969
4.435	7.3106	3.045
5.887	7.4644	3.024
6.8634	7.4129	3.021
6.3217	7.8711	3.097
6.043	6.3647	3.21
6.1349	6.9566	3.274
6.5722	7.6445	3.289
6.5557	7.3337	3.262
6.958	7.04	3.244
6.158	6.5659	3.271
6.4341	6.4659	3.387
5	6.2119	3.625
5.6788	6.0417	3.909
6.939	5.7814	4.162
6.0239	5.8058	4.385
5.9061	4.9561	4.602
7.1643	5.7213	4.806
7.1092	5.6032	5.001
7.3522	4.2217	5.151
7.5119	5.0536	5.255
7.1897	4.2602	5.313
6.5837	4.3383	5.362
7.2408	4.0049	5.429
6.9201	4.4268	5.502
7.2805	4.5177	5.594
8.3649	4.5036	5.713
7.3435	3.9831	5.819
7.3568	4.8036	5.914
7.2299	4.4332	5.984
8.6522	4.7778	6.042
6.8811	4.0102	6.128
6.2616	4.1743	6.256
7.1157	5.2009	6.381
6.2054	7.9928	6.476
6.3088	7.6453	6.54
6.7486	8.2966	6.576
6.6612	8.1875	6.61
8.0847	7.2754	6.665
7.5891	7.3404	6.732
6.7692	6.4197	6.802
7.4252	5.6122	6.878
7.9355	4.6241	6.952
7.5141	4.6393	7.028
7.0899	4.56	7.077
6.7358	4.4485	7.098
9.0389	4.3435	7.11
8.382	4.5229	7.132
8.1709	4.9752	7.168
8.3903	5.2587	7.196
7.9724	4.9625	7.211
7.4571	5.0906	7.232
7.8145	5.0675	7.251
8.0049	5.0866	7.242
8.884	4.3332	7.245
8.3664	4.4743	7.266
7.6147	4.2166	7.315
8.1789	4.0705	7.385
7.1139	4.337	7.416
6.6387	5.0522	7.437
6.8331	4.9189	7.47
6.6003	4.4535	7.504
7.0801	4.3563	7.531
7.0157	4.3987	7.577
6.7644	4.2692	7.632
6.6602	4.0781	7.654
7.4888	4.2217	7.66
6.8218	4.4474	7.657
6.297	4.6088	7.605
6.8469	4.5383	7.565
7.341	4.3306	7.562
7.0954	4.2088	7.467
6.3027	4.2935	7.37
6.8856	4.9588	7.272
7.068	4.942	7.309
6.5744	5.0304	7.336
7.7707	5.3571	7.333
8.1932	5.7275	7.419
7.3755	5.5237	7.492
8.4546	5.1819	7.568
7.9568	5.1829	7.721
7.8043	5.3214	7.892
8.892	5.1482	8.053
8.2499	4.9638	8.252
9.2499	4.8919	8.484
9.1475	4.4779	8.719
9.0257	4.5779	8.957
10.117	4.9305	9.155
9.288	5.3254	9.326
8.6529	8.0313	9.527
8.6765	7.4447	9.775
8.9343	7.431	10.083
9.483	7.5938	10.415
9.1321	7.1848	10.708
8.2049	6.2455	10.928
10.925	5.6456	11.081
11.523	5.2559	11.185
10.447	5.0792	11.27
10.22	4.5355	11.404
9.964	5.1573	11.551
10.354	6.6992	11.743
8.8845	7.2978	11.932
9.825	7.1758	12.109
8.9989	7.3259	12.247
10.421	7.5122	12.384
9.938	8.694	12.491
9.464	8.7189	12.619
8.2209	8.5883	12.765
9.568	8.881	12.933
7.9303	8.615	13.083
8.3959	8.814	13.217
7.6148	9.37	13.302
8.1533	8.5506	13.33
7.6339	8.772	13.33
8.897	9.263	13.296
7.9258	9.315	13.306
8.0224	8.951	13.37
7.6986	9.153	13.409
8.3753	9.528	13.473
6.9879	9.308	13.55
8.3605	9.332	13.657
9.6189	9.0615	13.754
8.2595	9.594	13.882
8.4718	9.626	14.02
8.5007	8.5604	14.093
8.2329	8.5055	14.117
8.0641	8.865	14.114
9.2236	9.003	14.133
9.573	9.264	14.157
9.4045	9.872	14.188
9.659	9.793	14.246
9.4687	9.892	14.331
9.3257	10.058	14.426
9.0584	9.432	14.542
9.483	8.8857	14.651
9.313	8.6299	14.691
8.927	8.846	14.603
8.7128	9.608	14.416
8.2906	9.753	14.264
9.0543	9.083	14.127
8.1853	8.683	14.062
8.1836	9.091	14.09
8.295	9.037	14.075
7.1798	8.938	14.072
8.8943	8.5165	14.093
7.9419	9.079	14.166
8.3015	10.546	14.285
7.8342	9.571	14.386
9.5827	10.306	14.413
9.0266	9.971	14.343
9.7199	10.295	14.188
9.88	9.995	14.081
9.4606	9.336	13.983
9.6551	9.685	13.971
10.683	9.545	13.95
10.82	9.469	13.904
10.435	8.984	13.843
8.422	9.435	13.815
9.3624	9.303	13.837
9.491	8.7915	13.892
8.9099	9.185	13.937
10.2528	9.068	14.014
8.5819	7.6919	14.117
8.7096	7.8667	14.203
8.4572	8.5354	14.322
8.0414	7.8065	14.392
8.7317	7.7845	14.49
7.5487	8.763	14.578
8.0377	8.725	14.67
8.3049	9.139	14.743
8.0275	8.581	14.767
8.5526	8.386	14.746
7.9666	8.902	14.636
8.2691	9.032	14.621
7.5077	9.157	14.642
8.8188	8.6793	14.67
7.8065	8.4736	14.694
8.1695	8.3108	14.682
7.5641	8.949	14.685
6.6425	8.8518	14.706
6.6975	10.051	14.767
7.195	10.025	14.838
6.883	10.137	14.865
7.6201	10.6	14.807
6.8199	10.415	14.709
7.5403	9.717	14.609
7.4365	9.016	14.621
7.5209	9.772	14.581
7.1424	10.416	14.481
7.6508	10.165	14.331
7.5904	9.816	14.218
7.4171	9.69	14.148
8.0129	10.033	14.102
7.7407	10.244	14.096
14.403	10.239	14.041
12.526	10.697	13.962
9.3189	10.508	13.885
5.244	10.648	13.806
4.7149	10.782	13.751
6.241	10.822	13.69
4.9245	9.917	13.663
7.772	10.228	13.641
7.7743	9.321	13.599
9.081	9.923	13.574
7.7244	9.639	13.538
7.7054	9.886	13.522
8.5985	9.552	13.534
7.7543	9.734	13.617
8.1972	9.484	13.693
8.1565	9.39	13.715
7.5425	9.681	13.687
8.281	10.178	13.638
7.971	10.219	13.632
7.8784	10.352	13.69
7.5475	10.816	13.806
7.9437	10.484	13.901
7.2639	10.115	13.889
8.7472	10.328	13.843
8.2664	8.996	13.815
7.0262	9.758	13.779
7.1972	8.488	13.754
8.3609	8.98	13.739
8.1499	8.562	13.684
8.7426	7.7256	13.66
9.2029	8.0118	13.69
8.8159	8.0953	13.745
8.3695	8.0115	13.791
10.068	8.57	13.785
10.381	8.0042	13.788
9.831	8.1028	13.785
9.934	8.4179	13.757
10.478	9.281	13.699
10.716	9.087	13.629
9.929	8.9916	13.498
9.637	9	13.449
9.2115	8.3104	13.409
9.0187	8.862	13.345
9.2161	9.03	13.306
9.9086	8.893	13.306
8.7116	9.248	13.309
9.7989	9.189	13.312
9.88	9.37	13.275
9.5633	9.413	13.208
8.9885	8.546	13.153
8.1835	8.792	13.101
8.4345	8.558	12.997
8.1073	9.16	12.927
9.1355	8.187	12.912
7.6037	7.6683	12.884
8.4933	7.9767	12.817
8.3062	8.3674	12.726
8.2706	8.399	12.695
7.9988	8.4043	12.671
7.9272	8.5749	12.616
7.6928	8.3544	12.793
8.4327	8.501	12.829
7.9812	8.4493	12.787
8.8169	8.1614	12.567
9.1346	7.7463	12.445
8.6234	8.1799	12.329
8.9814	8.2317	11.868
8.1442	8.493	11.301
8.2087	8.485	11.142
7.689	8.4508	11.026
8.037	8.0051	10.742
8.1072	8.3389	10.486
8.7876	8.6068	10.339
8.5087	9.195	10.287
8.333	8.656	10.296
7.3805	8.2654	10.312
7.0643	7.5716	10.333
7.5353	8.2286	10.525
8.2181	8.139	10.489
7.6627	8.2349	10.26
8.2793	7.9824	10.095
7.5865	8.2978	10.019
8.1341	8.0407	9.854
7.9386	8.535	9.655
7.5654	8.947	9.478
6.9613	8.2346	9.421
7.8177	7.7872	9.43
7.0002	7.4219	9.448
5.5522	7.6628	9.53
6.7675	7.4451	9.524
6.3422	8.037	9.604
6.6388	8.96	9.698
7.7253	9.171	9.817
7.6478	9.216	9.829
7.9119	8.856	9.866
7.0925	9.086	9.994
6.8242	8.5036	10.031
6.694	9.413	9.973
6.3575	10.733	10.013
6.144	9.717	10.003
7.4749	9.505	10.01
7.1589	9.289	10.025
6.4291	9.387	9.945
6.5301	9.016	9.979
6.3766	9.488	10.013
6.5376	8.86	10.019
6.2833	8.486	9.994
6.2883	9.164	9.833
5.9088	8.2354	9.921
6.5044	7.5386	9.488
6.2168	6.8401	9.829
6.8486	7.017	9.112
6.7551	7.0965	9.762
6.5379	9.5768	9.384
6.7724	13.818	9.595
6.1262	12.158	9.683
6.2539	12.747	9.622
5.9331	11.447	9.714
6.0661	11.698	9.671
5.8629	12.004	9.561
6.8372	10.452	9.537
6.351	8.0902	9.503
6.4546	5.9839	9.595
6.4689	5.8905	9.695
6.613	6.6157	9.765
6.6655	7.3207	9.726
6.0942	6.7685	9.567
7.089	4.2319	9.482
6.7269	3.5334	9.537
7.1027	3.6693	9.561
7.2667	4.1193	9.601
7.4146	4.1241	9.613
6.7844	4.0615	9.561
6.713	3.8832	9.503
6.2438	4.7061	9.591
5.7823	5.0394	9.726
6.854	5.7481	9.778
6.1197	5.7981	9.884
6.4507	5.8071	9.973
6.4432	5.9288	10.043
6.5974	5.9584	10.174
6.8561	6.38	10.299
7.0462	6.2659	10.275
6.0303	7.8173	10.223
5.6544	7.2567	10.205
5.5508	6.4171	10.129
5.3603	6.1121	9.979
5.3539	6.1993	9.86
6.0738	6.2709	9.827
5.5584	7.2138	9.811
6.0034	7.4189	9.765
7.1707	7.1245	9.701
6.6439	7.8305	9.677
6.5619	7.4675	9.567
6.6694	6.9515	9.433
6.3767	7.2491	9.341
6.6553	6.7364	9.378
6.02	6.5055	9.625
5.5676	6.7261	9.952
6.2642	7.6116	10.193
6.5044	8.4289	10.293
6.1735	8.3432	10.348
6.1822	8.4793	10.312
6.227	6.9567	10.141
6.0557	7.5931	9.894
5.8269	7.213	9.543
5.9203	6.9195	9.338
7.3432	7.0234	9.198
6.8831	7.2888	8.847
5.8091	8.6707	8.539
7.4285	9.332	8.23
7.565	8.2214	7.998
8.1734	7.6795	7.721
8.9251	7.9531	7.419
9.519	7.6403	7.184
9.09	7.8755	6.973
9.207	7.4592	6.82
8.8317	7.2586	6.775
8.7416	7.0539	6.842
10.182	6.4378	7.052
9.942	6.0262	7.306
9.026	5.7982	7.608
8.882	5.3021	7.864
8.4054	5.2342	8.105
8.6989	5.7096	8.362
9.04	6.0815	8.633
8.743	6.0892	8.954
9.146	5.8237	9.152
9.431	6.744	9.314
8.952	7.1593	9.314
8.7089	6.5197	9.234
9.035	6.2071	9.042
8.938	7.6336	8.899
9.065	8.2899	8.88
9.457	8.2423	8.893
9.084	7.791	8.954
8.9229	8.6133	9.076
8.3329	9.121	9.314
9.007	8.649	9.701
8.823	10.54	10.034
9.111	10.147	10.306
8.3386	10.221	10.476
8.0222	9.75	10.507
8.507	9.505	10.477
7.9513	9.627	10.373
8.083	9.707	10.254
8.3719	9.354	10.202
8.1834	9.288	10.3
8.192	9.74	10.339
7.8973	10.043	10.333
7.7206	9.992	10.272
8.089	10.099	10.116
8.808	10.038	9.851
8.82	9.346	9.549
8.909	9.018	9.311
8.6349	9.615	9.204
8.908	9.732	9.146
8.2346	9.589	9.167
7.4582	9.77	9.143
6.2157	9.603	9.256
6.2245	9.356	9.335
6.4653	9.034	9.43
6.6887	9.698	9.518
6.6962	9.745	9.5
6.4251	10.117	9.436
6.6054	9.286	9.314
6.7832	9.377	9.265
6.6747	9.217	9.305
7.2072	9.15	9.356
5.7835	9.122	9.393
5.4051	9.524	9.402
5.9294	9.641	9.408
6.323	9.145	9.384
6.4304	8.946	9.295
5.1777	8.553	9.161
5.4551	8.2231	9.054
4.6905	7.65	8.938
4.8837	7.746	8.773
5.4473	7.3309	8.618
5.4717	6.9299	8.529
6.4431	6.5224	8.392
5.3565	6.9017	8.2
5.919	7.5118	7.968
6.1478	7.657	7.69
6.2066	7.436	7.425
5.5957	7.4449	7.193
6.0507	6.8543	6.955
6.31	6.6183	6.726
5.4768	6.4327	6.54
4.9756	5.2379	6.323
5.2609	6.6223	6.079
7.57	6.5722	5.865
6.7012	6.3056	5.709
5.9408	6.826	5.618
5.9675	7.2413	5.529
5.6186	7.1977	5.401
6.0711	6.8927	5.23
6.135	6.7043	5.096
6.5836	6.3672	5.026
6.5556	6.2646	4.98
6.1722	5.6227	4.916
6.5377	5.7968	4.849
6.9531	5.5159	4.797
6.6603	5.9712	4.763
7.0095	5.9955	4.779
6.539	6.3774	4.818
5.8231	6.5787	4.824
6.6414	6.7811	4.806
6.9712	7.1244	4.788
7.6553	6.4722	4.77
7.5081	6.5711	4.745
6.9404	5.8761	4.712
7.3298	5.2918	4.712
6.9979	5.0739	4.739
6.5722	4.9164	4.773
7.0975	4.7396	4.818
7.3111	5.2842	4.879
6.4599	5.1381	4.94
6.2298	5.3277	4.98
6.4892	4.6151	5.001
6.3945	5.033	5.059
6.397	4.8251	5.175
6.6297	4.3602	5.273
7.0911	4.4023	5.288
7.0809	4.4433	5.255
6.7651	4.2499	5.261
6.5007	4.9112	5.252
7.2216	6.0597	5.203
7.5597	6.0288	5.172
7.4556	4.4985	5.203
8.6131	4.9984	5.279
7.9364	5.1419	5.346
7.3258	5.0893	5.368
7.8447	4.4947	5.322
8.1908	4.3165	5.255
7.3696	3.8575	5.194
7.3049	4.1152	5.124
6.8943	4.1921	5.005
6.7935	3.6962	4.885
7.309	3.9628	4.779
7.3017	3.9525	4.675
7.2505	3.791	4.522
7.3691	3.4347	4.296
8.2445	3.5398	4.019
7.5827	3.7833	3.823
8.3589	3.4862	3.765
9.4375	3.3117	3.769
9.857	3.1681	3.793
10.116	3.5589	3.753
9.476	3.6948	3.68
9.552	3.9012	3.695
9.703	3.4681	3.775
9.398	3.6399	3.778
9.645	3.5807	3.747
10.475	3.509	3.762
9.0103	3.682	3.778
9.614	3.8667	3.75
9.755	4.5446	3.717
9.502	4.555	3.689
9.694	4.123	3.588
9.456	3.4897	3.454
9.25	3.9204	3.366
8.781	3.709	3.369
8.4553	4.1665	3.448
8.3332	3.4961	3.497
8.67	4.0755	3.466
8.3509	4.201	3.411
9.0762	3.8089	3.326
8.0627	4.1398	3.231
8.5759	6.8781	3.201
8.4293	7.8298	3.222
8.353	6.3096	3.231
8.3099	7.6831	3.189
8.097	8.0739	3.112
8.0334	8.2723	3.033
8.1889	6.9734	2.951
7.6103	6.4235	2.945
7.7553	6.9477	3.003
7.2153	5.3931	3.057
6.9187	4.7356	3.082
6.833	4.6139	3.067
6.8203	3.9883	3.039
6.8254	3.9499	2.996
6.7179	4.7689	2.932
7.1846	5.3636	2.862
7.1091	5.1507	2.783
6.9059	4.8214	2.673
7.3777	4.7254	2.597
7.2854	5.4739	2.6
7.5405	5.4252	2.584
7.4619	6.4313	2.533
7.6631	6.394	2.456
7.6718	5.2547	2.383
7.8093	5.2649	2.334
7.4196	5.5163	2.313
7.021	4.7445	2.319
7.5399	4.6754	2.368
6.8497	5.4725	2.475
6.6885	7.0923	2.584
6.9006	6.2584	2.649
6.7487	5.7622	2.661
6.6259	5.534	2.667
6.7334	5.4701	2.676
6.2808	4.919	2.633
6.3472	4.3805	2.505
6.4444	4.5023	2.319
6.837	4.4947	2.197
6.5545	4.3459	2.169
6.6527	4.7421	2.2
7.1194	4.7651	2.27
6.9187	5.37	2.304
6.8342	6.1172	2.334
6.9674	6.6055	2.337
7.237	6.5287	2.331
6.934	6.9863	2.322
6.2373	7.0259	2.255
5.3437	6.7312	2.224
5.3349	7.0748	2.197
4.9053	7.2874	2.16
5.2452	6.9683	2.139
4.872	7.7678	2.099
5.6442	7.4436	2.017
5.9049	7.1056	1.983
5.8819	6.0327	1.968
5.8882	6.9682	1.879
5.8641	7.3524	1.76
5.7464	7.7729	1.605
5.6852	7.8586	1.528
5.8027	7.5196	1.59
5.9064	7.5065	1.715
6.1083	7.4707	1.806
6.144	7.2232	1.883
6.4994	6.9288	1.974
5.9191	7.2657	2.102
8.4043	7.1194	2.221
7.8539	7.5206	2.261
7.5025	8.0304	2.322
8.9567	7.2978	2.426
9.471	7.0415	2.548
9.317	7.5607	2.649
9.337	7.8636	2.697
9.506	7.8255	2.7
9.596	7.3455	2.685
9.775	7.8848	2.673
9.547	7.0671	2.639
9.996	6.485	2.615
9.594	6.9093	2.597
9.722	7.9506	2.609
9.979	7.8716	2.621
9.64	7.8536	2.609
9.471	7.97	2.542
10.088	7.9379	2.468
10.078	6.6759	2.417
10.177	7.4292	2.438
10.39	8.7881	2.517
10.211	6.5901	2.639
10.278	5.9852	2.682
10.184	6.2363	2.734
10.036	6.9312	2.816
9.817	6.1633	2.896
9.685	5.5892	2.88
10.505	5.1996	2.859
10.489	7.7444	2.917
10.372	7.9871	2.966
10.452	8.685	2.966
10.13	7.6089	2.945
9.659	6.8319	2.96
9.774	7.4245	3.036
9.804	8.2595	3.125
9.621	7.5405	3.18
9.825	7.8233	3.244
9.994	8.0398	3.36
9.497	9.278	3.482
9.559	8.0245	3.552
9.821	8.2285	3.543
9.919	8.4847	3.518
9.871	9.6185	3.479
9.724	9.451	3.399
9.405	9.256	3.222
9.409	9.446	3.051
9.443	7.9723	2.987
8.594	7.4107	2.963
9.0048	7.2888	2.896
9.207	7.4991	2.7
8.702	7.3376	2.63
8.979	7.6002	2.572
8.8362	7.2921	2.502
8.017	6.6516	2.444
8.5235	6.7645	2.45
8.5331	10.457	2.392
9.504	9.578	2.337
9.129	7.8059	2.319
9.524	10.8981	2.249
9.0173	13.466	1.971
8.684	13.118	1.681
8.669	12.787	1.489
8.0883	12.185	1.4
7.7737	12.759	1.318
7.5067	12.546	1.205
7.4683	12.827	1.062
8.3712	12.633	0.939
7.7968	13.086	0.82
7.8104	12.701	0.634
8.91	14.83	0.503
8.723	15.724	0.445
8.1417	15.827	0.387
8.7026	14.963	0.399
8.284	14.989	0.527
7.9295	13.126	0.503
7.7726	11.718	0.5
7.5466	10.576	0.857
7.6815	11.06	1.266
7.7018	11.733	1.605
7.4148	10.527	1.65
8.35	9.047	1.538
8.0818	9.402	1.715
7.5489	9.443	2.001
7.7622	8.964	2.362
8.3362	9.225	2.868
8.692	8.1593	2.819
9.237	7.2475	2.533
8.5907	7.0964	2.343
8.0973	7.0106	2.304
7.9384	6.8197	2.484
8.0517	5.9108	2.594
8.3493	5.8083	2.441
8.5843	6.4558	2.475
8.775	6.1313	2.887
8.833	7.101	3.332
8.3123	7.8471	3.747
8.2872	9.729	3.842
8.6275	8.3984	3.756
8.622	8.2515	3.854
8.678	7.5207	4.18
8.764	11.139	3.997
9.116	12.922	3.686
9.056	12.159	3.787
8.4737	9.692	4.238
9.097	9.087	4.806
9.106	9.49	5.438
8.6143	9.538	6.042
8.4253	8.4013	6.527
8.2003	9.489	6.921
8.412	9.399	7.8
8.0096	8.75	9.683
7.8562	7.9593	10.544
7.7232	7.7498	10.812
7.7081	8.4581	10.837
7.6705	8.6523	10.767
7.6425	8.4881	10.455
8.259	8.0543	9.811
7.6266	7.8828	9.439
7.8172	6.4378	10.095
7.6766	6.2736	10.794
7.7124	6.6965	10.937
7.1935	8.0922	10.776
7.1692	7.7015	10.751
7.0261	7.512	10.333
7.3647	7.1641	10.397
7.8172	7.7591	10.092
7.7685	7.9824	10.278
7.87	8.4137	10.379
7.944	7.7229	10.364
8.1475	7.484	10.419
7.3341	7.5301	10.443
6.8778	8.1536	10.281
6.5172	8.3434	10.4
6.5581	8.472	10.092
7.0031	7.5274	9.912
7.3111	6.353	10.33
6.6951	6.712	10.773
6.4598	7.8466	10.867
7.1705	8.0591	10.745
6.9224	8.2634	10.528
7.3647	8.6707	10.452
6.9186	8.802	10.303
7.1271	8.1251	10.455
7.1897	8.1261	10.568
7.6212	7.7064	10.495
7.5875	7.1938	10.495
7.6864	7.6645	10.528
7.5518	6.2633	10.544
7.7829	6.3903	10.586
8.3425	6.6402	10.827
8.1687	6.8337	11.072
8.5	6.9812	11.105
9.225	6.1249	11.102
9.588	6.4404	11.093
9.407	6.4082	11.169
9.143	6.3878	11.386
9.761	6.0237	11.435
9.494	6.2978	11.362
10.065	6.0659	11.087
10.037	6.3734	10.797
10.06	6.1263	10.596
10.037	6.2992	10.446
9.656	6.0506	10.513
9.392	6.4955	10.657
8.956	7.0143	10.76
8.5602	6.7594	10.959
8.854	6.9824	10.852
8.414	6.7349	10.666
8.4763	6.6234	10.623
8.769	6.8003	10.525
8.3033	6.7414	10.62
9.424	6.5222	10.547
8.981	6.5619	10.589
8.7162	6.4992	10.592
8.747	5.7314	10.44
7.9404	5.7418	10.272
7.9853	4.8663	10.257
8.707	5.2649	10.425
8.885	6.1134	10.495
8.581	6.0623	10.419
9.615	5.9982	10.199
8.524	6.4414	10.034
8.4306	5.7482	10.144
7.8671	6.143	10.483
7.5947	5.8863	10.828
7.7	6.0044	10.849
7.4315	5.6302	10.886
7.9571	5.4815	11.017
6.2335	5.593	10.98
7.4977	5.3277	10.858
7.9554	5.1366	10.745
8.305	5.6955	10.718
8.4319	5.2009	10.663
8.3754	4.8701	10.648
8.6146	4.4317	10.669
9.111	4.5688	10.724
8.87	4.4845	10.757
8.915	5.7545	10.788
9.156	5.256	10.883
8.806	3.8	11.005
9.818	3.5398	11.157
10.513	4.8535	11.212
9.999	6.1492	11.291
10.013	6.153	11.362
9.835	5.0611	11.423
9.835	4.71	11.475
9.328	5.5147	11.508
9.513	4.9534	11.548
9.238	5.0277	11.6
9.155	5.2893	11.652
8.2207	4.5111	11.783
8.655	4.6984	11.908
9.73	5.0239	12.079
10.607	5.2381	12.222
9.937	5.0726	12.219
9.72	5.0945	12.253
9.797	5.0444	12.17
9.734	4.7778	11.938
10.003	4.6717	11.768
10.841	5.2137	11.728
11.012	5.6623	11.856
11.453	5.3868	12.048
11.599	5.3789	12.353
11.225	5.2342	12.717
10.428	5.7698	13.043
10.837	5.2303	13.171
11.397	5.1035	13.174
10.783	4.7984	13.101
11.516	5.3789	12.964
11.353	6.6825	12.833
11.267	6.0147	12.799
10.983	5.943	12.86
10.408	6.776	12.894
12.136	6.1673	12.649
11.465	6.4336	12.366
11.16	7.2029	12.03
12.279	7.7154	11.169
11.951	7.9243	10.37
11.991	7.6655	9.827
10.958	8.4568	9.707
11.046	8.886	9.433
10.566	7.8035	9.201
9.622	7.3758	8.89
9.635	8.3277	9.079
9.348	8.0973	9.186
9.209	7.4766	8.478
8.689	6.4594	8.072
9.071	6.6849	7.721
8.882	7.8148	7.376
9.219	8.701	7.284
8.859	9.28	7.153
8.883	8.978	7.055
9.148	8.2083	6.967
9.069	7.8098	6.778
9.416	8.1378	6.683
9.302	7.76	6.604
8.817	7.7607	6.53
9.229	7.8725	6.479
8.972	7.6488	6.39
9.029	7.1694	6.332
8.899	7.4052	6.335
8.612	7.5091	6.317
8.717	7.595	6.283
8.5408	8.0808	6.277
8.4791	8.4107	6.253
8.1614	8.113	6.323
8.2825	7.8562	6.43
8.537	8.1841	6.445
8.675	8.0578	6.466
8.512	7.5603	6.393
9.472	7.917	6.244
9.294	7.9918	6.115
9.151	7.5603	5.941
8.785	7.0682	5.804
8.1085	6.5491	5.789
8.1072	6.5838	5.786
8.1622	6.9529	5.722
8.6542	6.6813	5.645
8.1251	6.8157	5.682
8.2553	6.2493	5.798
8.0862	7.323	5.896
7.8658	7.6462	5.914
8.1598	7.3142	5.853
8.6387	6.7093	5.816
7.517	6.7502	5.89
7.3725	6.9708	6.009
7.2906	7.0734	6.115
7.3604	6.5839	6.192
7.2677	6.2351	6.277
6.9594	6.5145	6.347
6.8329	6.9323	6.332
6.5582	7.2041	6.256
5.6736	7.0747	6.241
4.8324	6.949	6.347
4.1651	5.8712	6.488
4.72	5.7493	6.558
5.8907	5.7353	6.61
8.7819	6.0097	6.668
7.7972	6.2057	6.759
6.4329	6.9067	6.897
8.7961	7.2581	6.952
8.9021	6.8554	6.961
6.9712	6.2967	7.052
9.354	6.3953	7.113
9.27	6.7195	7.153
8.822	6.9374	7.223
8.918	6.8365	7.22
8.27	6.4428	7.202
8.835	5.9763	7.275
8.458	5.8813	7.291
8.759	6.4594	7.287
9.029	6.6544	7.318
8.94	6.3595	7.339
9.11	6.3235	7.403
9.054	6.498	7.434
9.253	6.5004	7.489
8.88	7.1272	7.577
8.908	6.7415	7.596
8.768	6.1326	7.565
8.5232	6.0903	7.587
7.9908	5.8481	7.596
7.6116	4.7664	7.559
8.3327	4.2422	7.553
8.5043	4.6806	7.547
8.4826	4.9394	7.59
8.3613	4.0384	7.684
8.3087	3.3539	7.754
8.2976	3.1566	7.776
8.1974	3.2206	7.855
7.9638	3.9139	8.014
7.8208	4.8818	8.206
8.3036	4.7548	8.352
8.5111	4.1563	8.386
8.6117	4.3256	8.343
9.259	4.6998	8.334
9.605	4.373	8.377
7.897	4.5293	8.466
6.9014	5.0857	8.563
2.4954	5.0496	8.661
1.8014	5.5815	8.755
2.3372	5.8942	8.783
2.5135	6.2545	8.801
7.0319	6.1787	8.823
7.6919	5.4891	8.743
5.0472	5.8432	8.282
5.0831	6.4787	8.139
7.2523	7.1773	7.959
6.8177	6.8337	8.331
6.7856	6.4185	7.987
6.2849	6.1017	8.06
8.0284	6.5172	8.38
8.996	6.4094	8.014
8.558	7.149	8.49
8.748	7.1206	8.218
8.0557	6.8981	8.087
7.8573	7.199	7.904
6.9224	7.4349	7.941
7.8139	7.1965	7.639
8.737	8.0272	7.156
8.3672	8.2446	6.875
8.683	7.3549	7.165
9.257	6.1543	7.397
10.536	7.4855	7.641
10.082	8.0245	8.145
10.088	9.089	8.572
9.219	7.9353	9.451
8.356	8.1373	10.003
8.4991	9.0752	10.315
8.0695	8.3801	10.101
8.4383	8.8259	9.869
8.2967	8.933	9.463
8.4609	9.226	9.427
8.2156	9.51	9.814
8.872	9.4227	10.73
9.5131	8.6842	11.483
13.167	8.9456	11.712
10.747	8.977	11.578
6.4276	9.707	11.542
5.0717	10.061	11.551
6.0315	9.772	11.676
5.869	8.961	11.667
5.9739	9.521	11.636
5.9357	10.17	11.777
7.1179	11.364	11.835
7.2073	11.222	11.716
7.9321	9.1082	11.328
8.552	11.017	11.124
8.625	12.73	11.233
8.43	11.221	11.493
8.2079	12.103	11.7
7.6537	10.773	11.859
7.6256	9.0334	12.03
7.3315	7.0155	12.146
6.9009	6.0648	12.292
6.5941	5.0689	12.271
6.6311	5.365	12.067
6.5251	5.815	11.996
6.2451	4.8177	12.027
6.0852	3.3348	12.067
6.3307	3.4745	12.149
6.3944	3.627	12.253
6.4738	3.4822	12.393
6.4188	3.2334	12.613
6.5338	4.3807	12.857
6.4445	4.5152	12.991
6.7549	5.8879	12.955
6.176	6.339	12.845
6.5135	6.3826	12.701
6.5389	5.9211	12.482
6.6695	6.6517	12.283
7.2433	6.7235	12.149
7.794	8.0259	12.088
7.4375	7.1382	12.118
7.3009	8.6478	12.198
7.1489	7.5337	12.341
7.5322	7.441	12.445
7.6351	7.912	12.43
8.2493	8.316	12.399
8.4475	8.3241	12.369
7.9841	9.722	12.335
8.4934	8.6535	12.317
8.323	8.6208	12.335
8.3035	7.2246	12.402
8.2786	7.2475	12.588
8.0997	7.9522	12.747
8.3353	7.8061	12.741
8.1729	7.3591	12.588
8.535	7.2411	12.445
8.3958	7.3055	12.308
8.4361	8.3358	12.201
8.212	8.4353	12.097
7.626	8.0205	11.966
7.949	8.0258	11.728
7.991	7.9598	11.6
7.4306	7.2053	11.603
6.4099	6.4479	11.712
5.9359	7.7457	11.801
5.7874	7.5026	11.792
6.2579	8.2305	11.764
5.9013	8.5683	11.697
5.969	8.691	11.63
6.0315	8.0446	11.597
5.749	7.4733	11.703
5.441	7.9472	11.871
5.9943	7.7878	11.96
5.8908	7.1771	11.96
6.7106	7.63	12.012
6.4611	7.6419	12.189
6.7269	7.459	12.369
7.2381	7.4925	12.503
7.0654	7.4978	12.524
5.8039	7.4738	12.384
6.8191	7.0644	12.231
6.0544	7.3297	12.204
5.7873	7.2169	12.274
8.0573	7.1426	12.402
8.9731	8.2336	12.366
9.686	8.5431	12.244
8.1349	7.3052	12.21
7.472	6.7209	12.262
7.2	6.544	12.195
8.0311	6.6735	11.917
8.6809	6.0045	11.615
7.2123	6.9746	11.459
7.2645	6.2033	11.447
9.288	6.6338	11.581
9.811	7.0171	11.67
9.913	7.2601	11.752
8.99	6.9195	11.89
9.101	6.4312	11.963
7.9908	6.5851	11.941
7.9497	6.6798	12.082
7.7579	7.1106	12.366
7.758	6.3621	12.503
9.145	6.3673	12.549
9.472	5.9059	12.61
9.338	5.4584	12.588
9.506	5.1445	12.64
9.533	5.1494	12.662
8.957	5.2918	12.579
9.803	6.2378	12.405
10.341	6.2915	12.149
9.659	6.5529	12.082
9.382	6.4018	12.244
8.9781	6.7915	12.384
8.8913	6.039	12.421
9.595	5.843	12.277
9.867	5.6969	12.24
9.662	5.5968	12.326
9.366	5.7763	12.399
9.688	6.0953	12.5
10.055	6.1415	12.543
11.459	6.5134	12.659
9.968	5.6404	12.723
9.932	5.6879	12.622
10.024	5.0523	12.421
9.863	5.0871	12.14
10.387	5.1663	12.03
10.062	5.8352	11.883
10.221	5.943	11.728
9.788	5.4996	11.825
8.7959	5.6762	12.124
9.544	5.9403	12.198
9.3726	5.638	12.17
9.638	5.6609	12.036
9.444	5.9674	11.74
10.033	5.6893	11.529
10.032	6.0018	11.487
10.457	8.1872	11.49
10.086	7.9675	11.41
9.565	6.3403	11.386
9.068	6.0469	11.298
9.871	6.2634	11.301
9.842	5.9494	11.392
9.779	6.2596	11.658
10.193	5.9942	11.865
10.28	5.5584	12.051
10.494	5.6366	12.082
10.337	5.5559	11.978
10.09	5.5085	11.99
10.012	6.1943	12.021
9.709	6.7093	11.89
10.394	6.7452	11.887
10.523	6.7711	11.929
10.958	7.5769	11.63
9.992	7.358	11.194
10.313	7.081	10.87
9.763	6.5095	11.148
9.394	7.9326	11.035
10.179	9.8206	10.718
10.21	10.476	10.702
10.652	10.45	10.66
10.741	8.3349	10.467
10.437	6.9965	10.199
10.209	8.0418	10.153
9.964	7.163	9.967
10.098	6.6799	9.381
9.866	8.4357	9.039
10.851	8.3546	8.81
8.2352	6.8234	8.603
8.1934	7.1746	8.514
7.5069	9.2199	8.688
8.1129	11.793	8.813
8.2373	11.024	8.801
9.208	8.2503	8.682
8.5153	8.3301	8.636
8.0213	8.1261	8.581
8.6971	7.6979	8.633
8.6513	8.5453	8.624
8.3282	7.7086	8.688
7.8332	7.8129	8.752
7.6237	8.3377	8.856
8.1371	8.6525	8.993
7.9651	8.0649	9.067
7.7312	9.442	9.097
8.0051	9.382	9.06
7.6992	8.947	8.951
6.4328	8.958	8.85
7.6036	8.98	8.832
7.8055	7.1618	8.923
7.8451	9.269	9.048
6.9698	10.819	9.161
6.7654	10.628	9.237
6.9941	12.566	9.207
6.5607	11.892	9.384
6.8804	9.566	9.485
7.3726	7.8353	9.476
6.562	7.8906	9.546
7.9114	7.4244	9.732
9.871	6.9377	9.912
8.0658	7.1963	10.119
7.4135	6.8259	10.208
7.1786	6.3877	10.321
11.025	5.7815	10.434
8.5714	5.9635	10.461
8.2046	6.3094	10.492
8.2391	7.1846	10.565
7.6881	7.9085	10.745
8.7896	7.2477	11.096
8.3048	7.7445	11.542
9.0636	7.7637	12.073
9.602	7.7356	12.716
8.4604	7.5617	12.35
10.112	7.2733	12.198
10.5345	6.6761	11.877
10.004	6.4594	11.578
10.862	7.2784	11.81
11.905	7.3847	12.656
12.915	7.1555	13.104
12.816	7.199	12.744
12.238	7.1311	12.183
12.667	6.8235	11.944
13.082	6.8772	11.859
12.879	6.3056	11.648
12.087	7.4949	11.53
11.694	7.044	11.368
11.887	6.2802	11.292
10.908	7.1568	11.124
10.994	6.7272	10.687
11.333	7.1693	10.544
11.438	6.7889	10.648
10.996	7.5337	10.684
12.029	7.1234	10.645
12.198	7.2079	10.522
11.306	7.1537	10.455
11.06	6.4185	10.559
11.088	6.0263	10.666
11.34	6.2902	10.678
11.214	7.1119	10.434
10.946	6.4606	10.33
10.988	7.6877	10.748
10.448	7.9282	10.992
10.861	6.9415	10.748
10.988	6.021	10.788
11.469	6.6425	11.069
11.375	7.9252	10.913
11.582	7.1269	10.708
11.009	5.857	10.577
10.942	6.5056	10.4
10.736	6.3993	10.309
10.75	6.9197	10.486
10.294	6.4005	10.818
8.4658	6.4825	11.032
9.2444	6.6967	10.971
10.861	7.2014	10.809
9.418	7.5137	10.885
8.5358	6.8875	10.98
9.93	6.3992	11.05
8.6971	6.7698	11.157
6.3638	7.49	11.23
6.7167	6.685	11.078
6.1183	7.2809	10.907
6.1211	7.7787	10.919
5.7515	7.6994	10.916
6.2975	6.7837	10.699
10.243	6.3504	10.345
9.943	6.7105	10.248
9.996	6.489	10.217
10.078	7.5233	10.202
9.539	7.6986	10.223
10.193	7.6863	10.62
11.091	7.5112	10.507
11.231	7.0373	10.141
11.928	7.4067	10.07
13.436	7.2015	10.302
11.547	6.9029	10.55
11.777	7.2668	10.623
11.873	7.735	10.617
8.981	7.922	10.568
10.551	8.4127	10.525
11.627	7.7763	10.226
11.67	7.7557	9.82
11.294	7.7795	9.833
11.655	7.6339	10.04
11.679	7.8937	9.955
12.15	7.6781	9.778
12.243	7.7207	10.141
11.226	7.3895	11.007
11.191	8.5139	11.987
11.241	7.9413	12.585
10.989	8.0841	12.677
11.051	7.8134	12.241
11.207	7.4591	11.621
10.888	7.4402	11.359
11.271	7.4976	11.121
10.939	8.8003	10.66
10.455	9.312	10.437
11.033	9.381	10.422
10.974	10.826	10.599
11.048	9.466	10.977
11.408	8.4353	11.328
11.529	9.3506	11.667
11.381	9.2858	11.847
10.997	9.111	12.021
11.1	10.744	12.286
10.664	9.05	12.787
10.493	9.384	12.89
11.282	9.719	12.863
10.65	10.125	12.924
9.938	9.281	13.016
9.697	8.4442	13.037
9.682	9.006	13.092
9.663	11.0371	12.741
9.1831	11.834	12.247
10.051	11.354	11.929
9.724	12.215	11.826
9.3537	11.411	11.499
8.8949	11.993	10.971
9.225	12.455	10.763
8.2611	11.987	11.267
6.718	11.337	12.002
7.3474	10.277	12.189
6.8881	10.195	12.301
8.3444	8.986	12.161
10.102	8.4156	12.137
10.373	8.0051	12.067
10.249	9.081	12.009
9.0603	8.2105	11.923
10.099	8.2702	11.896
8.464	7.872	12.036
8.7514	10.72	12.063
8.8364	9.4757	11.89
9.633	6.9854	11.902
10.18	8.4508	11.935
10.637	8.7138	11.938
9.617	9.3999	11.954
10.387	9.818	12.115
9.4183	9.181	12.244
8.9321	9.849	12.021
9.342	9.261	11.902
8.9047	9.502	11.883
9.522	9.805	11.828
10.449	10.293	11.706
10.51	9.806	11.569
10.417	9.793	11.526
10.38	10.946	11.545
10.089	10.828	11.505
10.549	11.557	11.45
10.157	11.185	11.456
10.118	10.163	11.529
10.191	9.886	11.618
10.271	9.914	11.56
10.239	9.455	11.343
10.543	8.964	11.081
8.5808	8.0358	10.962
10.307	8.2616	11.044
7.9834	8.5817	11.264
7.9026	7.6234	11.426
6.9138	6.8592	11.416
7.6184	7.7291	11.358
9.2746	7.2822	11.416
10.682	6.4774	11.465
10.192	7.844	11.453
9.687	7.223	11.404
8.3632	7.8048	11.365
9.197	8.5425	11.297
9.612	8.3088	11.331
8.6029	7.2374	11.358
10.688	7.0144	11.423
10.207	6.184	11.554
9.48	5.6994	11.7
8.6332	5.8443	11.771
8.565	7.5154	11.804
9.8758	7.0399	11.804
9.411	7.0196	11.725
10.725	7.2358	11.652
11.006	7.9399	11.612
10.089	7.8628	11.615
9.95	7.5271	11.563
10.802	7.74	11.499
9.666	7.5963	11.471
8.5214	7.0041	11.477
8.2094	6.5761	11.542
7.917	6.5248	11.755
7.3835	6.6543	11.889
6.4046	6.421	11.819
6.5941	6.2557	11.676
7.1308	7.4333	11.56
7.8331	6.8377	11.481
10.627	6.4184	11.508
9.234	6.1301	11.636
7.191	6.5826	11.709
6.8343	6.285	11.661
7.4524	6.2033	11.673
8.3149	6.33	11.761
5.4435	6.3787	11.984
7.2971	7.1503	12.036
10.1131	6.4966	11.954
8.1019	6.3902	11.96
10.741	6.8684	11.957
10.69	7.1132	11.969
10.318	6.9631	11.944
10.455	7.3758	11.929
10.62	8.0929	11.835
10.352	7.2889	11.841
10.176	6.9093	11.963
9.88	8.248	12.054
10.101	7.6132	12.24
10.013	7.3579	12.277
10.118	7.4754	12.176
10.031	9.1525	12.008
8.973	8.773	11.828
8.623	7.9873	11.688
9.062	7.158	11.633
9.315	6.9682	11.56
9.237	7.4755	11.511
9.17	6.0929	11.609
9.203	7.2375	11.67
8.887	7.5675	11.615
9.613	7.1208	11.423
9.348	6.1005	11.334
9.478	5.9648	11.392
9.068	7.5712	11.459
8.3027	7.3862	11.471
10.1208	6.9055	11.551
10.67	6.1006	11.642
10.619	6.8713	11.63
10.465	8.1493	11.563
9.4	7.6766	11.536
8.887	8.0743	11.514
9.44	8.3988	11.584
9.869	9.572	11.658
9.56	10.114	11.746
9.489	10.24	11.847
8.949	10.534	12.027
8.843	9.702	12.299
9.16	9.711	12.466
9.551	10.102	12.555
9.332	9.994	12.506
10.161	9.837	12.472
10.573	10.031	12.424
10.449	10.967	12.277
10.463	9.808	12.124
10.079	9.264	11.932
9.907	10.154	11.831
9.048	10.828	11.999
9.468	11.208	12.009
9.017	10.318	11.865
9.2934	10.178	11.261
9.061	10.771	11.041
8.794	9.99	11.316
9.101	9.609	10.742
8.685	10.736	10.614
8.4272	10.531	10.599
8.2379	10.739	10.061
8.6209	12.387	9.735
8.5003	10.464	9.653
9.032	8.596	9.866
8.9228	10.083	9.707
8.661	8.865	9.616
8.8838	7.6807	9.738
8.77	7.4699	9.82
8.3833	7.2953	9.991
7.6767	7.7127	10.4
7.7577	8.418	10.553
7.4237	8.93	10.629
7.6836	9.418	10.586
7.4798	9.625	10.556
7.1756	9.603	10.687
7.0439	8.3857	10.779
6.9571	8.706	10.876
7.4006	8.6501	10.885
8.3078	7.6714	11.05
8.4659	7.7829	11.038
7.7899	7.8912	11.255
7.8467	8.0199	11.328
8.4322	8.1149	11.304
8.3265	7.6222	11.334
6.5672	7.1172	11.63
5.5828	8.4334	11.63
5.1151	8.584	11.493
5.9574	8.667	11.59
6.0059	8.1284	11.548
7.058	8.0368	11.581
8.6074	7.4937	11.609
8.783	7.9376	11.478
9.013	8.563	11.429
9.267	8.0421	11.322
8.897	8.6521	11.249
9.174	8.1023	11.218
9.555	6.9658	11.371
9.649	7.6105	11.624
9.193	7.6733	11.713
9.501	7.4796	11.587
9.272	6.6261	11.56
9.453	7.2054	11.447
9.168	7.167	11.45
9.393	7.0594	11.438
9.31	6.862	11.404
9.705	5.9738	11.355
9.3558	5.6739	11.206
10.368	5.7316	11.114
10.043	6.0506	11.197
9.999	5.8916	11.276
10.195	6.5055	11.404
9.99	6.1261	11.529
10.393	5.5674	11.633
10.726	6.6938	11.703
10.364	7.7252	11.649
10.191	10.199	11.682
9.824	8.29	11.453
11.555	6.8734	11.459
10.95	6.016	11.646
11.123	5.8877	11.798
11.763	6.4942	11.673
11.614	6.5339	11.56
11.516	6.3582	11.517
10.607	5.9918	11.56
11.192	5.8878	11.847
11.316	6.3378	12.006
10.081	6.0698	11.823
9.915	7.2015	11.759
9.933	7.594	11.987
9.953	7.5467	12.268
9.832	7.5061	12.372
9.831	6.9298	12.299
9.992	8.605	12.405
9.597	7.3127	12.47
9.256	7.1399	12.64
10.096	6.8195	12.811
10.373	6.8606	13.049
10.556	8.4547	12.662
10.603	8.0103	12.524
10.844	7.6198	12.744
10.634	6.9759	13.08
10.128	6.9208	13.263
10.143	6.8939	13.226
9.688	11.7788	13.098
9.523	10.446	13.345
9.127	9.138	13.342
9.107	9.131	13.229
9.163	9.46	13.37
8.7212	9.828	14.044
8.967	9.793	14.505
8.783	9.44	14.227
9.304	9.952	14.053
9.128	11.61	13.971
9.313	11.886	13.879
9.417	10.932	14.059
8.895	8.0236	14.02
8.684	7.9477	13.992
8.879	6.2058	14.087
9.039	6.986	14.166
8.968	6.6774	14.108
9.575	6.8055	14.246
9.754	6.8979	14.389
9.573	6.289	14.508
10.01	6.0992	14.584
9.177	7.1605	14.749
9.24	8.3051	14.529
9.28	12.403	14.435
9.103	12.03	14.331
9.449	11.708	13.977
9.201	11.25	13.135
9.3211	9.729	11.835
9.336	8.1583	11.417
9.84	6.5005	12.576
9.559	5.8623	12.43
8.776	5.9879	11.206
8.2598	8.0242	10.861
8.1008	6.7725	11.23
8.1275	5.8276	11.691
7.9603	8.9981	12.103
7.9725	7.7109	12.491
7.5118	6.5261	12.921
7.69	6.2813	13.47
7.3163	5.1585	13.797
7.2856	6.23	13.467
7.3302	7.2704	12.289
7.6076	7.4489	11.303
6.9737	7.2285	10.757
6.6606	6.7107	11.401
6.865	6.4723	12.732
6.4648	6.198	12.536
7.0543	6.1674	11.102
7.182	7.3517	10.168
6.5263	7.9988	10.144
7.0645	7.3795	10.492
7.3674	6.5288	10.519
7.8599	7.7701	10.651
8.1645	8.965	10.983
8.0093	7.5348	11.468
7.8829	6.08	11.917
8.694	6.6518	12.097
8.521	7.8194	12.439
8.2636	8.8025	12.839
8.1604	9.1027	12.891
7.9472	9.724	12.817
8.1834	9.51	12.512
8.5494	9.827	12.494
8.558	11.173	12.271
8.653	12.279	12.039
8.4025	8.6825	11.761
8.987	7.7505	11.618
9.288	8.8596	11.404
9.404	8.485	11.233
9.494	8.4653	11.139
9.659	9.972	11.099
9.654	9.502	11.264
9.271	9.0777	11.475
9.417	9.02	11.648
9.33	9.594	11.856
9.137	9.624	12.042
8.3224	9.0287	12.18
8.585	9.56	12.292
8.4462	9.594	12.61
8.735	9.707	12.668
8.711	10.314	12.659
8.6031	10.312	12.704
8.626	9.897	12.604
8.0387	10.141	12.369
6.5954	9.915	12.295
6.2067	9.757	12.518
6.2309	9.403	12.942
6.089	9.519	13.217
5.9739	9.877	13.199
5.3515	9.593	12.906
5.7515	9.337	12.814
6.6131	8.837	12.512
5.1751	8.1737	12.134
5.6608	7.7865	11.917
5.6301	7.9731	11.81
7.3621	8.049	11.883
6.7133	7.7418	11.777
6.4749	7.592	11.597
6.3908	7.2719	11.719
7.554	7.2608	11.948
7.8863	7.905	11.96
7.6601	7.8036	11.816
8.2106	7.1066	11.529
7.9794	6.4019	11.365
7.44	5.6238	11.438
8.3205	5.1893	11.484
7.8558	4.9164	11.377
6.6813	4.8086	11.343
5.8271	5.0702	11.444
5.9307	4.4281	11.551
6.6195	5.7007	11.542
5.0051	6.7672	11.935
5.1073	6.8555	12.274
5.0153	6.8286	12.527
5.7349	6.4902	12.634
5.4666	6.2018	12.472
5.6072	6.4941	12.405
5.4001	6.6362	12.564
5.5342	6.7132	12.659
5.6634	6.3056	12.448
5.2274	5.8377	12.323
5.0981	7.408	12.332
4.7595	7.8539	12.363
5.0715	6.4953	12.552
5.0102	6.6632	12.613
4.978	6.6709	12.689
5.3912	6.9414	12.851
5.7171	7.0797	12.775
5.0128	7.431	12.808
5.2288	6.9274	12.677
5.3629	6.6198	12.695
5.2376	5.1509	12.878
4.8542	4.8099	13.08
5.1649	4.9765	13.312
5.3081	4.2651	13.358
5.2464	4.1062	12.793
4.9922	3.5412	12.506
5.3375	4.054	12.353
5.5125	4.8486	12.353
5.8041	4.9957	12.341
5.9152	4.9075	12.219
5.5508	4.8971	12.17
5.6646	4.7946	11.926
5.6416	4.3704	11.877
5.2159	4.6035	11.661
4.785	5.2919	11.685
4.4361	4.8843	11.517
4.142	5.1725	11.179
4.7251	4.5792	10.803
4.9922	4.7971	10.84
4.5102	4.7304	11.38
5.1636	4.8369	11.88
5.4693	5.1469	12.152
5.7401	4.9945	12.546
5.0039	5.5148	12.823
4.6112	5.4611	13.187
4.5741	4.8729	13.483
4.9512	5.2931	13.495
5.0409	5.6161	13.235
5.0304	5.5648	12.933
5.2607	5.5443	12.488
5.4194	5.9713	12.124
5.7273	6.0288	12.121
5.4308	6.4351	12.17
5.1815	5.5482	12.366
5.9383	4.5446	12.469
7.4555	4.0473	12.32
7.2293	5.051	12.207
7.3176	4.7728	12.137
7.2357	4.8664	11.926
7.1015	4.4153	11.81
7.1244	4.6613	11.758
6.6171	4.592	11.987
6.8393	4.842	12.585
6.6936	4.7521	13.333
6.641	4.8958	13.409
6.7601	4.8907	13.492
6.7793	5.4123	13.556
6.8739	4.577	13.208
6.663	4.6253	12.747
6.5736	4.9164	12.347
6.7384	4.9779	11.883
6.7217	4.601	11.505
6.4725	5.4251	11.31
6.3449	5.3227	11.188
6.755	4.9062	11.191
6.8563	4.6049	11.145
6.8216	5.6355	11.108
7.2152	4.8895	10.91
7.3507	5.4776	10.803
6.8572	5.5609	10.794
6.5248	5.5097	10.992
6.6629	5.9956	11.065
6.5606	6.6567	10.892
6.5645	6.0763	10.705
6.6438	6.8721	10.596
7.182	7.7543	10.699
7.3112	7.8086	10.956
7.3456	7.4157	11.069
7.5539	7.1259	11.062
7.2076	7.5287	11.102
7.6396	7.3207	11.188
7.4096	7.2695	11.038
7.6014	7.199	11.02
7.4885	7.3244	10.782
7.2536	6.8952	10.446
6.5414	6.5952	10.306
6.6197	6.8991	10.272
6.1749	7.3245	10.165
5.4242	7.2028	10.025
5.1085	7.1324	10.113
6.1339	7.2772	10.364
6.4865	7.1477	10.571
5.423	7.1937	10.742
5.8705	7.2746	10.864
5.3337	7.1989	11.154
5.1954	7.3733	11.392
4.5692	7.4231	11.774
5.0218	7.0669	11.941
5.9586	7.454	11.862
6.2208	7.5336	11.957
6.8279	7.6835	11.807
6.8472	7.3464	11.548
6.8112	7.5117	11.389
5.8653	7.7094	11.276
6.438	8.247	11.148
6.9736	7.5246	10.852
6.3396	7.281	10.864
5.2017	7.4078	10.913
5.2914	7.3669	10.263
4.9208	7.1768	10.174
5.6185	6.7773	10.101
5.6096	7.2912	10.361
5.3066	6.7146	10.687
5.5596	6.8823	10.873
5.6506	6.7285	11.691
5.6659	6.5633	11.636
6.4534	6.6926	11.584
5.6556	6.5017	11.825
5.2824	6.1916	12.009
5.744	5.7404	12.222
5.9702	5.4868	12.436
6.1248	4.5036	12.109
6.5723	3.8807	11.938
6.6054	4.2165	11.893
5.9676	4.6152	11.847
5.5586	4.3935	11.819
5.6825	5.5572	11.722
6.4751	5.6916	11.569
7	5.3317	11.38
5.79	6.2299	11.947
6.5226	5.752	12.057
5.8078	5.42	10.425
5.5343	5.6276	9.949
5.189	5.206	10.12
5.6238	4.8342	10.168
6.539	5.7661	10.617
6.268	6.6863	11.267
6.1401	7.1866	12.198
5.528	7.5827	12.588
5.2912	6.7118	12.494
4.8976	6.0724	11.835
5.4461	6.3122	11.651
5.4178	7.3041	12.323
5.2274	8.396	13.797
6.8906	7.3846	13.953
6.5979	5.7313	13.528
6.7204	5.5086	13.159
5.9408	6.1403	12.485
5.6557	7.5526	12.189
4.7366	7.7961	11.731
5.4447	8.0271	12.076
6.3844	8.2446	13.943
6.8584	8.9841	13.437
6.6413	8.809	12.9
6.2104	9.828	11.362
5.7389	10.503	12.823
6.5225	10.001	12.384
5.8885	10.009	11.813
5.9113	10.593	11.304
5.3616	10.773	12.601
5.0959	10.147	10.916
5.3284	10.726	10.455
6.0226	10.559	10.171
5.5854	10.43	11.069
5.6493	10.63	10.568
6.424	10.501	9.9
9.0585	10.625	9.289
6.5096	10.965	10.452
6.7551	11.067	10.248
6.9943	10.839	14.175
5.8985	10.85	14.392
6.9979	10.694	17.456
6.8795	10.896	17.032
6.8216	10.657	15.668
7.8924	10.513	14.813
7.0038	10.251	14.185
7.0503	9.778	12.308
7.9904	10.368	11.868
7.4449	9.919	10.617
7.7098	10.599	11.178
6.6207	10.544	9.622
6.6475	9.71	9.433
6.7459	10.113	9.097
6.3139	10.296	8.874
6.5991	9.997	8.749
6.1618	9.932	8.77
5.8883	10.131	8.874
6.2067	10.347	8.627
7.3206	10.328	8.117
6.9628	10.397	7.473
7.0022	10.026	6.988
7.8836	9.879	6.335
8.8097	9.68	5.313
9.311	9.371	4.709
9.512	9.863	4.535
10.211	9.856	4.235
8.5921	9.439	4.031
7.4361	9.595	3.952
9.1409	9.823	4.306
9.408	9.813	5.749
9.27	9.693	7.455
9.343	9.953	6.707
9.146	10.349	6.732
9.081	10.838	8.551
9.026	10.689	4.287
9.176	11.499	4.22
8.953	10.803	4.956
8.78	10.694	5.069
8.2101	10.628	4.828
8.6956	11.006	5.471
9.082	10.315	5.911
9.017	10.592	6.262
9.12	10.593	5.468
8.922	10.59	5.893
9.339	10.775	5.627
9.529	10.612	5.508
9.5674	10.752	5.026
9.302	10.918	5.169
9.185	11.022	6.97
9.536	10.715	6.222
9.639	9.963	4.699
10.025	9.993	5.224
9.639	10.176	4.883
9.1576	10.062	5.307
9.017	9.953	4.971
9.1136	10.036	4.968
9.023	10.47	5.322
9.703	10.685	5.609
9.384	10.754	6.042
9.087	10.62	5.383
8.739	10.546	5.81
8.718	10.293	6.991
9.0395	9.836	7.882
8.7819	10.582	5.343
8.8458	10.454	6.567
8.1163	10.532	7.794
6.7909	10.412	5.533
6.8986	9.667	5.636
7.262	9.385	5.642
7.7292	9.082	7.654
8.1192	8.406	7.824
7.5838	8.6261	7.184
7.4228	9.034	7.821
7.2599	8.7741	7.116
7.268	9.09	7.031
6.2578	8.964	7.965
7.6008	8.571	8.127
7.5775	8.2337	8.063
7.8649	8.2061	7.022
6.594	8.4075	6.436
5.6953	8.1892	7.055
7.7918	8.2917	6.518
6.8701	8.317	6.888
6.3588	7.9964	7.092
6.4992	7.8232	7.242
6.236	7.7857	7.229
6.3651	7.7605	6.906
6.1772	7.8386	7.217
5.8052	7.7142	6.985
5.4192	7.6217	7.373
6.1377	6.9118	7.486
6.5906	6.3096	7.525
5.9242	6.0556	6.756
6.0941	5.9277	6.421
6.2336	6.2069	6.534
5.5315	5.9314	7.095
5.4666	5.8917	6.576
5.4818	6.4838	6.164
5.8909	6.0148	6.036
5.9433	5.6314	6.671
6.3024	5.6136	7.614
6.6363	5.5882	7.873
5.8218	5.1997	7.593
5.5522	5.597	7.339
6.5555	5.4189	7
6.7845	4.9726	7.071
6.7895	4.9164	7.184
6.6107	4.9971	6.619
5.9345	4.7625	6.387
6.9751	4.9484	6.421
6.222	5.2277	6.201
6.3038	4.9766	6.433
5.9994	4.7408	6.701
6.5299	4.1897	6.961
6.1224	3.4784	6.482
6.7677	3.8333	6.677
6.1159	3.691	7.022
5.9856	3.2861	6.796
5.5572	3.017	7.11
5.822	3.0015	7.083
5.5009	3.054	7.187
5.8793	3.0041	7.287
6.144	3.1952	6.836
6.4686	3.1245	6.781
5.7209	3.4527	6.454
5.6596	3.3425	6.277
5.5712	3.527	6.054
6.7564	3.6346	6.106
7.077	4.0334	6.112
7.0378	4.0665	6.054
7.0454	4.5717	6.213
6.0851	4.7317	6.323
5.6722	4.5126	6.695
6.4253	4.4485	7.071
6.484	4.6241	7.58
6.7373	4.6253	8.255
6.6693	4.4857	8.847
6.4189	4.3076	9.381
6.438	4.2127	9.811
6.2987	4.1691	9.683
5.9484	4.405	10.086
5.7247	4.1258	9.881
7.0951	3.7974	9.607
7.0875	3.7267	9.39
6.7077	3.9012	9.417
6.7756	3.6386	9.247
6.9557	3.5283	8.859
6.5405	3.4206	8.514
7.0025	3.3718	8.249
6.9913	3.3041	7.791
6.13	3.4259	7.791
6.891	3.6602	8.029
6.7461	3.5526	8.008
6.7961	3.7948	8.267
6.8269	4.0102	8.16
6.3357	3.878	8.215
6.2591	4.1076	8.346
6.8868	4.1331	8.197
8.8059	4.6715	8.133
9.118	5.288	8.334
9.218	5.5597	8.603
9.201	5.6571	8.713
9.337	5.4841	9.048
8.95	4.9383	9.283
8.4578	4.7063	9.5
7.2908	4.6535	9.613
7.0043	5.0997	9.857
7.2765	5.0328	9.717
7.2382	5.1175	9.637
6.8994	5.0791	9.625
7.1104	4.792	9.372
7.3277	4.6267	9.192
7.4876	4.1948	9.054
7.751	3.8193	9.057
7.5479	4.2153	8.859
7.5731	4.6498	8.783
7.7809	4.8651	8.7
7.9899	4.5319	8.374
8.3064	4.3588	8.444
8.4014	4.3434	8.206
7.9517	4.0025	7.821
7.4068	3.9345	7.541
8.198	3.8473	7.431
8.638	4.1269	7.464
8.424	4.4152	7.709
7.4109	4.287	7.837
7.4774	4.2818	7.962
6.6489	3.7281	7.864
7.0835	4.1574	7.947
7.5131	4.5036	7.901
7.3969	4.7075	7.944
7.0772	6.2299	8.032
6.7016	6.4456	8.279
6.8293	6.2904	8.416
6.9942	6.4992	8.526
7.104	6.266	8.642
6.5058	6.4248	8.844
5.5649	6.2891	8.954
5.0357	6.0158	8.996
5.6622	6.9812	8.899
6.3356	7.7745	8.883
6.3704	7.572	8.691
6.4507	6.5428	8.447
6.0112	6.0839	8.23
6.1377	6.4388	7.934
5.8217	6.1287	7.458
6.3804	5.6956	7.229
6.3574	6.8567	6.976
6.291	7.1692	6.521
7.1541	7.7259	5.951
7.1144	6.6352	5.536
6.8102	7.2482	5.102
6.8089	7.367	4.76
6.5836	7.9971	4.321
6.484	8.4493	4.156
6.4647	7.8884	4.324
6.7679	7.6893	4.519
6.7755	7.6941	4.449
6.5901	7.2901	4.415
6.3793	7.6488	4.165
6.2656	7.9859	4.126
6.1823	7.8513	4.449
6.1416	7.5058	4.785
6.3357	8.0278	4.824
6.4559	8.686	4.803
6.4737	8.5637	4.87
5.5867	9.601	4.84
5.3156	9.684	4.702
4.729	9.919	4.525
4.5116	8.902	4.452
4.6382	8.982	4.379
4.5537	8.998	4.303
4.8004	8.8202	4.174
5.0639	8.8585	4.238
4.9219	9.53	4.379
4.867	8.1504	4.596
4.8466	7.7061	4.275
4.9744	7.9117	3.927
5.1418	7.4873	3.625
5.772	6.7774	3.622
5.6199	6.844	4.345
5.6492	6.4645	4.461
4.8824	7.2771	4.394
5.2056	6.9412	4.956
5.6671	6.7965	5.362
5.584	6.7748	5.764
6.1006	6.5107	5.237
5.4011	6.7106	5.404
6.2719	6.1096	5.435
6.0303	6.5952	5.395
6.1989	6.648	5.621
6.2168	6.4708	5.783
6.5823	6.2735	6.402
6.0046	6.2891	7.086
6.4828	5.9223	7.589
7.5512	5.7238	7.55
6.5607	5.0088	8.096
6.029	5.1418	7.791
6.7329	4.7139	7.815
6.9083	4.082	7.794
5.8589	4.2766	7.531
5.6377	3.8449	7.464
5.6737	4.605	7.26
7.0288	4.3013	7.003
8.2728	3.8577	6.936
8.1372	3.841	7.168
8.1462	3.4528	8.258
7.3751	3.8754	8.441
7.6565	4.3845	8.121
7.4403	4.4369	7.748
6.7104	4.6486	7.144
7.095	4.0499	6.152
7.4403	3.9692	6.659
7.174	4.2881	7.513
6.158	4.7701	7.309
7.1937	4.951	8.029
6.5926	5.2841	6.854
6.8498	5.7328	7.36
6.3576	6.553	7.828
6.291	6.7992	6.326
5.2836	6.8645	5.92
6.0725	6.4697	5.752
5.4767	7.4279	5.761
5.4382	7.1618	5.487
5.0279	7.1349	8.157
5.3489	7.1387	5.896
5.3463	6.671	6.387
5.1405	6.6877	6.253
5.3439	6.5838	5.533
7.0158	7.2194	5.505
6.718	7.0938	5.804
5.9048	6.2557	5.499
6.6478	6.4915	5.365
7.4059	6.6875	4.916
7.9449	6.5275	5.954
7.9187	6.571	6.326
7.876	7.0683	5.835
7.9059	7.4883	5.133
7.4798	7.1092	5.157
7.1375	7.6092	5.554
7.5386	7.599	5.178
7.664	7.0247	5.566
7.5638	7.119	5.468
7.8382	7.0374	6.439
8.2108	6.931	6.555
8.1104	6.4761	6.872
8.3104	6.102	7.168
8.141	7.1833	6.46
7.6279	7.1645	6.195
7.1296	7.4181	6.155
7.4758	6.8786	6.811
7.2138	6.5415	7.299
7.2985	5.5379	7.3
7.5076	5.8583	7.525
7.9484	6.753	7.532
8.2231	6.8541	7.635
8.5197	6.8362	7.84
7.902	6.9386	8.194
8.0883	6.498	8.505
8.2479	6.4377	8.517
8.3668	5.9161	8.404
8.3993	5.161	8.374
8.135	5.3073	8.23
8.1282	5.8815	8.633
8.4282	6.4736	9.097
8.2025	6.498	10.003
8.3409	6.5299	10.565
8.2115	6.9041	10.293
7.6523	7.0528	9.711
7.2777	7.3756	9.891
7.5796	7.6365	10.983
7.1821	7.6124	12.506
6.7193	7.3578	13.65
7.1628	8.2696	15.155
6.5862	7.4453	15.692
6.7909	7.1391	14.92
6.6694	7.8981	14.188
6.1989	6.8748	13.974
